10.018
9.706
9.739
9.392
9.467
9.510
9.414
9.486
9.459
9.391
9.386
9.431
9.352
9.352
9.343
9.377
9.401
9.348
9.367
9.389
9.380
9.336
9.354
9.364
9.375
9.388
9.407
9.420
9.434
9.442
9.456
9.469
9.473
9.454
9.464
9.472
9.479
9.490
9.493
9.505
9.506
9.515
9.493
9.498
9.501
9.513
9.521
9.524
9.526
9.526
9.527
9.523
9.520
9.501
9.501
9.489
9.455
9.461
9.465
9.472
9.478
9.481
9.487
9.482
9.479
9.479
9.468
9.475
9.480
9.478
9.455
9.469
9.468
9.468
9.454
9.444
9.443
9.446
9.450
9.444
9.431
9.427
9.432
9.435
9.432
9.433
9.435
9.427
9.417
9.419
9.419
9.408
9.401
9.405
9.408
9.412
9.417
9.418
9.420
9.421
9.421
9.425
9.427
9.427
9.435
9.431
9.424
9.416
9.406
9.407
9.407
9.409
9.411
9.417
9.420
9.424
9.427
9.431
9.423
9.428
9.432
9.436
9.436
9.433
9.434
9.438
9.441
9.444
9.448
9.451
9.454
9.457
9.460
9.453
9.458
9.459
9.460
9.456
9.455
9.452
9.449
9.450
9.452
9.454
9.456
9.451
9.447
9.449
9.451
9.454
9.457
9.459
9.454
9.452
9.452
9.451
9.444
9.448
9.450
9.452
9.453
9.450
9.452
9.454
9.450
9.447
9.442
9.445
9.447
9.450
9.451
9.449
9.456
9.459
9.461
9.453
9.449
9.445
9.443
9.445
9.448
9.447
9.448
9.446
9.445
9.447
9.443
9.451
9.454
9.456
9.456
9.458
9.461
9.463
9.465
9.468
9.468
9.465
9.462
9.459
9.455
9.444
9.450
9.447
9.446
9.447
9.445
9.442
9.440
9.441
9.441
9.441
9.436
9.437
9.434
9.436
9.430
9.438
9.440
9.443
9.439
9.438
9.439
9.440
9.440
9.435
9.434
9.434
9.436
9.437
9.438
9.438
9.439
9.440
9.438
9.436
9.435
9.431
9.432
9.430
9.431
9.433
9.436
9.438
9.434
9.429
9.429
9.427
9.424
9.421
9.421
9.422
9.423
9.425
9.427
9.428
9.424
9.422
9.422
9.424
9.426
9.427
9.427
9.428
9.428
9.429
9.431
9.433
9.434
9.435
9.435
9.434
9.434
9.429
9.430
9.431
9.432
9.433
9.434
9.436
9.437
9.439
9.436
9.432
9.434
9.435
9.437
9.439
9.440
9.441
9.442
9.440
9.438
9.440
9.441
9.440
9.441
9.442
9.444
9.442
9.445
9.442
9.439
9.441
9.442
9.443
9.443
9.442
9.438
9.434
9.433
9.434
9.434
9.435
9.434
9.436
9.432
9.434
9.435
9.436
9.437
9.439
9.439
9.440
9.440
9.441
9.442
9.443
9.442
9.439
9.440
9.442
9.442
9.441
9.442
9.441
9.442
9.442
9.442
9.441
9.435
9.436
9.437
9.435
9.435
9.436
9.433
9.434
9.435
9.434
9.433
9.432
9.433
9.434
9.432
9.429
9.428
9.428
9.428
9.422
9.424
9.424
9.425
9.425
9.426
9.424
9.424
9.424
9.424
9.425
9.425
9.423
9.421
9.422
9.422
9.421
9.420
9.421
