9.741
9.707
9.714
8.985
9.023
9.149
9.239
9.294
9.350
9.393
9.419
9.438
9.447
9.451
9.453
9.385
9.353
9.389
9.248
9.303
9.334
9.364
9.387
9.409
9.422
9.442
9.456
9.473
9.489
9.489
9.499
9.514
9.529
9.488
9.502
9.511
9.521
9.533
9.541
9.547
9.545
9.549
9.558
9.565
9.560
9.555
9.551
9.555
9.557
9.566
9.572
9.579
9.586
9.591
9.597
9.586
9.588
9.594
9.599
9.606
9.612
9.616
9.621
9.613
9.581
9.586
9.576
9.581
9.584
9.589
9.594
9.575
9.575
9.577
9.582
9.586
9.591
9.594
9.600
9.588
9.587
9.586
9.590
9.594
9.598
9.599
9.581
9.585
9.588
9.591
9.595
9.598
9.602
9.606
9.598
9.602
9.592
9.595
9.598
9.592
9.596
9.586
9.592
9.595
9.599
9.602
9.606
9.607
9.610
9.610
9.615
9.615
9.614
9.615
9.617
9.619
9.613
9.613
9.610
9.607
9.608
9.608
9.607
9.605
9.589
9.590
9.590
9.591
9.593
9.587
9.590
9.581
9.580
9.573
9.575
9.579
9.581
9.584
9.576
9.576
9.577
9.577
9.576
9.566
9.567
9.562
9.558
9.554
9.556
9.558
9.559
9.554
9.554
9.556
9.554
9.545
9.545
9.544
9.546
9.538
9.540
9.540
9.523
9.525
9.525
9.519
9.520
9.521
9.515
9.514
9.512
9.514
9.503
9.498
9.500
9.502
9.495
9.495
9.495
9.495
9.496
9.498
9.500
9.501
9.497
9.499
9.500
9.503
9.503
9.499
9.501
9.502
9.490
9.494
9.495
9.497
9.498
9.499
9.484
9.472
9.464
9.465
9.468
9.470
9.469
9.470
9.470
9.469
9.468
9.463
9.463
9.458
9.451
9.443
9.437
9.438
9.440
9.441
9.442
9.440
9.441
9.441
9.433
9.436
9.437
9.436
9.431
9.432
9.430
9.432
9.427
9.424
9.423
9.425
9.425
9.423
9.419
9.418
9.420
9.421
9.420
9.420
9.413
9.401
9.398
9.400
9.399
9.395
9.393
9.394
9.395
9.397
9.396
9.396
9.396
9.398
9.397
9.399
9.400
9.398
9.399
9.397
9.395
9.384
9.380
9.380
9.381
9.372
9.376
9.378
9.379
9.373
9.376
9.377
9.374
9.369
9.366
9.368
9.369
9.367
9.369
9.370
9.369
9.371
9.372
9.374
9.375
9.377
9.379
9.377
9.375
9.376
9.377
9.375
9.375
9.373
9.373
9.364
9.365
9.366
9.367
9.365
9.363
9.365
9.363
9.368
9.369
9.371
9.368
9.368
9.369
9.367
9.363
9.363
9.358
9.360
9.355
9.354
9.349
9.344
9.337
9.337
9.335
9.336
9.338
9.340
9.335
9.330
9.332
9.334
9.336
9.331
9.323
9.321
9.321
9.311
9.312
9.313
9.313
9.313
9.313
9.314
9.311
9.313
9.314
9.317
9.317
9.318
9.320
9.321
9.317
9.319
9.319
9.318
9.317
9.315
9.313
9.310
9.309
9.307
9.307
9.309
9.308
9.306
9.305
9.298
9.300
9.300
9.297
9.297
9.296
9.298
9.297
9.298
9.300
9.301
9.299
9.299
9.300
9.301
9.298
9.296
9.296
9.296
9.292
9.293
9.283
9.277
9.277
9.278
9.277
9.276
9.271
9.270
9.269
9.265
9.266
9.268
9.270
9.271
9.268
9.264
9.265
9.263
9.260
9.260
9.261
9.262
9.264
9.265
9.261
9.262
9.260
9.259
9.260
9.261
9.262
9.261
9.260
9.260
9.262
9.263
9.265
9.266
9.267
9.266
9.264
9.263
9.263
9.261
9.262
9.263
9.263
9.263
9.265
9.266
9.267
9.268
9.266
9.266
9.264
9.265
9.267
9.264
9.265
9.266
9.263
9.259
9.256
9.258
9.259
9.258
9.260
9.261
9.262
9.259
9.259
9.258
9.257
9.258
9.259
9.260
9.260
9.258
9.256
9.253
9.254
9.254
9.255
9.251
9.250
9.251
9.249
9.250
9.247
9.249
9.250
9.251
9.249
9.250
9.251
9.252
9.253
9.254
9.254
9.253
9.254
9.255
9.255
9.256
9.256
9.252
9.251
9.253
9.253
9.253
9.250
9.251
9.251
9.250
9.247
9.248
9.247
9.248
9.248
9.248
9.247
9.247
9.241
9.242
9.240
9.238
9.239
9.239
9.238
9.237
9.236
9.228
9.229
9.230
9.231
9.229
9.230
9.229
9.229
9.230
9.230
9.229
9.228
9.229
9.228
9.228
9.227
9.228
7.780
7.746
7.713
7.680
7.648
7.614
7.583
7.551
7.519
7.491
7.464
7.436
7.408
7.383
7.355
7.329
7.299
7.270
7.241
7.212
7.184
7.157
7.130
7.106
7.082
7.056
7.031
7.008
6.985
6.961
6.938
6.914
6.891
6.869
6.846
6.824
6.801
6.778
6.758
6.737
6.717
6.697
6.677
6.658
6.638
6.618
6.599
6.307
6.287
6.269
6.252
6.235
6.218
6.201
6.183
6.166
6.149
6.133
6.116
6.099
6.083
6.067
6.050
6.034
6.018
6.001
5.985
5.967
5.950
5.933
5.912
5.891
5.873
5.853
5.837
5.822
5.807
5.792
5.777
5.763
5.748
5.733
5.719
5.704
5.690
5.676
5.661
5.647
5.630
5.618
5.604
5.590
5.577
5.562
5.546
5.535
5.521
5.506
5.495
5.482
5.467
5.454
5.441
5.428
5.414
5.399
5.388
5.375
5.356
5.346
5.333
5.319
5.304
5.292
5.279
5.267
5.254
5.240
5.227
5.212
5.199
5.187
5.175
5.161
5.147
5.135
5.122
5.112
5.101
5.089
5.077
5.066
5.054
5.041
5.032
5.021
5.010
4.999
4.987
4.976
4.965
4.953
4.941
4.931
4.920
4.909
4.899
4.888
4.874
4.863
4.852
4.841
4.830
4.820
