0.422
0.391
0.393
0.401
0.393
0.381
0.373
0.370
0.372
0.374
0.373
0.375
0.374
0.376
0.378
0.380
0.382
0.384
0.386
0.387
0.389
0.390
0.392
0.393
0.394
0.395
0.396
0.397
0.396
0.395
0.396
0.396
0.396
0.396
0.396
0.397
0.398
0.398
0.398
0.399
0.398
0.399
0.399
0.400
0.400
0.400
0.400
0.401
0.401
0.401
0.401
0.402
0.401
0.400
0.399
0.398
0.398
0.398
0.398
0.398
0.399
0.399
0.399
0.400
0.400
0.400
0.400
0.401
0.400
0.400
0.399
0.398
0.398
0.398
0.398
0.399
0.399
0.398
0.398
0.398
0.398
0.397
0.397
0.392
0.392
0.392
0.392
0.392
0.393
0.393
0.393
0.393
0.393
0.393
0.394
0.394
0.394
0.394
0.394
0.394
0.394
0.394
0.394
0.394
0.394
0.394
0.394
0.394
0.394
0.394
0.394
0.394
0.393
0.393
0.393
0.393
0.393
0.393
0.393
0.393
0.393
0.393
0.393
0.393
0.393
0.393
0.394
0.394
0.394
0.394
0.394
0.394
0.394
0.394
0.394
0.394
0.394
0.394
0.394
0.394
0.394
0.395
0.395
0.395
0.395
0.395
0.395
0.395
0.395
0.395
0.395
0.395
0.395
0.395
0.396
0.396
0.396
0.396
0.396
0.395
0.395
0.395
0.395
0.395
0.395
0.395
0.395
0.395
0.395
0.396
0.396
0.396
0.396
0.396
0.396
0.396
0.396
0.395
0.395
0.395
0.395
0.395
0.395
0.395
0.395
0.395
0.395
0.395
0.395
0.395
0.395
0.395
0.395
0.395
0.395
0.395
0.394
0.394
0.394
0.394
0.394
0.394
0.394
0.394
0.394
0.394
0.394
