11.026
8.650
8.384
8.742
9.040
9.115
9.222
9.330
9.380
9.073
8.902
8.794
8.793
8.768
8.646
8.481
8.317
8.289
8.214
8.320
8.385
8.467
8.532
8.571
8.534
8.590
8.670
8.710
8.714
8.753
8.794
8.785
8.749
8.759
8.773
8.808
8.839
8.862
8.904
8.880
8.892
8.920
8.964
9.004
9.013
9.047
9.030
9.028
9.008
9.050
9.079
9.116
9.169
9.206
9.085
9.135
9.165
9.223
9.245
9.298
9.310
9.308
9.298
9.307
9.324
9.331
9.358
9.373
9.389
9.336
9.299
9.263
9.202
9.161
9.148
9.117
9.086
9.049
9.039
9.042
9.062
9.095
9.108
9.143
9.155
9.172
9.187
9.212
9.243
9.257
9.269
9.271
9.285
9.321
9.342
9.365
9.390
9.406
9.422
9.434
9.454
9.472
9.480
9.495
9.517
9.525
9.520
9.523
9.532
9.543
9.555
9.566
9.574
9.577
9.551
9.546
9.553
9.557
9.560
9.563
9.563
9.560
9.496
9.497
9.518
9.536
9.542
9.549
9.558
9.557
9.566
9.581
9.597
9.612
9.624
9.627
9.628
9.616
9.618
9.635
9.648
9.656
9.673
9.678
9.682
9.681
9.688
9.683
9.679
9.676
9.676
9.675
9.645
9.637
9.631
9.622
9.618
9.615
9.614
9.602
9.596
9.590
9.585
9.585
9.594
9.595
9.602
9.586
9.577
9.573
9.558
9.545
9.543
9.540
9.525
9.514
9.512
9.507
